48.336	48.281	48.199	48.09	48.043	47.957	47.863	47.867	47.773	47.719	47.641	47.617	47.645	47.691	47.684	47.852	47.844	47.949	48.031	48.094	48.09	48.109	48.187	48.199	48.277	48.277	48.277	48.293	48.344	48.332	48.316	48.375	48.363	48.441	48.457	48.531	48.516	48.535	48.543	48.617	48.613	48.625	48.613	48.52	48.543	48.535	48.531	48.574	48.551	48.535	48.531	48.543	48.543	48.492	48.535	48.531	48.535	48.59	48.531	48.531
49.602	49.531	49.449	49.348	49.289	49.203	49.117	49.105	49.035	48.961	48.906	48.949	48.941	48.961	49.043	49.121	49.105	49.199	49.289	49.289	49.344	49.359	49.367	49.449	49.453	49.531	49.535	49.527	49.531	49.516	49.598	49.582	49.629	49.613	49.691	49.703	49.758	49.758	49.77	49.746	49.754	49.77	49.754	49.754	49.77	49.762	49.742	49.758	49.742	49.77	49.773	49.703	49.715	49.715	49.715	49.719	49.715	49.703	49.719	49.758
51.488	51.484	51.395	51.312	51.262	51.207	51.152	51.062	51.012	50.984	50.891	50.902	50.902	50.984	51.031	51.062	51.152	51.23	51.289	51.312	51.398	51.398	51.465	51.434	51.457	51.465	51.484	51.461	51.465	51.473	51.566	51.559	51.648	51.656	51.711	51.711	51.699	51.73	51.73	51.738	51.73	51.742	51.742	51.711	51.703	51.691	51.691	51.703	51.699	51.723	51.687	51.723	51.656	51.648	51.637	51.648	51.637	51.648	51.656	51.664
51.957	51.875	51.883	51.816	51.73	51.715	51.645	51.551	51.461	51.477	51.457	51.41	51.41	51.445	51.473	51.57	51.66	51.703	51.738	51.82	51.809	51.891	51.887	51.891	51.887	51.977	51.977	51.992	51.98	52.047	52.062	52.047	52.117	52.109	52.125	52.137	52.137	52.219	52.137	52.141	52.137	52.125	52.137	52.137	52.113	52.109	52.102	52.09	52.098	52.125	52.113	52.062	52.062	52.059	52.059	52.059	51.957	51.977	51.965	51.984
52.477	52.383	52.312	52.301	52.219	52.137	52.129	52.051	51.98	51.898	51.891	51.898	51.883	51.91	52.062	52.117	52.137	52.234	52.234	52.301	52.316	52.312	52.391	52.391	52.477	52.484	52.473	52.484	52.484	52.496	52.484	52.562	52.551	52.566	52.566	52.668	52.656	52.723	52.727	52.738	52.738	52.648	52.648	52.648	52.566	52.562	52.562	52.57	52.566	52.562	52.578	52.57	52.578	52.566	52.57	52.57	52.566	52.523	52.555	52.566
52.91	52.828	52.793	52.734	52.656	52.582	52.555	52.496	52.41	52.324	52.316	52.324	52.336	52.406	52.488	52.555	52.578	52.648	52.727	52.801	52.82	52.82	52.898	52.91	52.902	52.91	52.969	52.914	52.898	52.953	52.961	52.992	52.988	53.082	53.062	53.141	53.152	53.195	53.215	53.191	53.207	53.137	53.16	53.164	53.16	53.152	53.16	53.16	53.16	53.16	53.16	53.152	53.059	53.07	53.062	53.074	52.996	52.98	52.988	52.953
53.379	53.227	53.203	53.047	52.992	52.949	52.898	52.816	52.801	52.809	52.734	52.742	52.727	52.816	52.844	52.922	52.965	53.008	53.082	53.168	53.207	53.219	53.242	53.246	53.301	53.297	53.324	53.324	53.312	53.32	53.391	53.395	53.402	53.387	53.391	53.391	53.48	53.461	53.562	53.574	53.551	53.496	53.469	53.488	53.418	53.395	53.395	53.379	53.406	53.418	53.406	53.414	53.418	53.395	53.395	53.395	53.406	53.414	53.418	53.414
53.746	53.656	53.656	53.586	53.508	53.406	53.391	53.312	53.234	53.207	53.168	53.176	53.168	53.227	53.242	53.34	53.406	53.406	53.496	53.566	53.574	53.641	53.633	53.633	53.652	53.652	53.668	53.629	53.652	53.672	53.66	53.754	53.75	53.82	53.832	53.82	53.828	53.84	53.906	53.91	53.879	53.832	53.84	53.844	53.828	53.84	53.828	53.816	53.828	53.812	53.805	53.828	53.832	53.832	53.832	53.832	53.828	53.816	53.828	53.832
53.738	53.66	53.656	53.5	53.406	53.406	53.328	53.234	53.219	53.18	53.094	53.137	53.168	53.203	53.246	53.336	53.402	53.422	53.496	53.496	53.578	53.578	53.641	53.617	53.629	53.672	53.633	53.621	53.629	53.668	53.66	53.734	53.734	53.82	53.828	53.84	53.832	53.914	53.895	53.906	53.906	53.828	53.828	53.82	53.816	53.812	53.828	53.828	53.828	53.82	53.82	53.816	53.828	53.816	53.82	53.832	53.828	53.828	53.82	53.828
53.828	53.75	53.68	53.578	53.512	53.414	53.414	53.328	53.246	53.227	53.176	53.176	53.168	53.203	53.246	53.324	53.418	53.418	53.496	53.578	53.562	53.668	53.684	53.66	53.668	53.68	53.656	53.668	53.75	53.746	53.75	53.84	53.828	53.844	53.828	53.832	53.922	53.91	53.992	54.012	54.004	53.895	53.914	53.926	53.82	53.828	53.883	53.832	53.832	53.91	53.832	53.914	53.832	53.812	53.91	53.844	53.84	53.832	53.82	53.828
53.895	53.816	53.746	53.645	53.621	53.578	53.484	53.414	53.406	53.32	53.336	53.234	53.336	53.402	53.406	53.488	53.574	53.613	53.645	53.746	53.746	53.816	53.816	53.82	53.828	53.828	53.922	53.828	53.828	53.82	53.91	53.91	53.988	53.992	54.02	54.039	54.066	54.074	54.086	54.164	54.074	54.082	54.086	54.047	54.039	54.066	54.047	54.07	54.047	54.07	54.059	54.07	54.047	54.055	54.055	54.039	54.059	53.992	54.039	54.004
53.914	53.828	53.828	53.746	53.66	53.629	53.586	53.496	53.418	53.418	53.395	53.34	53.324	53.418	53.469	53.496	53.566	53.656	53.672	53.75	53.754	53.828	53.82	53.828	53.828	53.82	53.832	53.828	53.84	53.91	53.906	53.906	53.988	53.988	54.031	54.047	54.039	54.047	54.137	54.074	54.047	54.055	54.082	54	53.992	54.004	54.094	54.066	54.055	54.07	54.031	54	54	54	53.992	53.98	53.992	54	53.992	54.004
54.055	53.906	53.828	53.816	53.738	53.656	53.66	53.566	53.488	53.414	53.414	53.422	53.406	53.414	53.5	53.566	53.613	53.652	53.738	53.727	53.801	53.816	53.812	53.828	53.898	53.906	53.906	53.898	53.906	53.898	53.992	53.992	54.059	54.039	54.047	54.082	54.141	54.16	54.164	54.16	54.16	54.172	54.086	54.082	54.074	54.074	54.031	54.047	54.07	54.074	54.07	54.07	54.066	54.074	54.094	54.031	54.043	54.066	54.039	54.043
54.055	53.973	53.898	53.828	53.727	53.641	53.605	53.555	53.473	53.484	53.406	53.406	53.406	53.488	53.574	53.629	53.656	53.75	53.82	53.828	53.828	53.906	53.91	53.988	53.988	53.988	54	54.07	54.047	54.066	54.039	54.07	54.074	54.16	54.148	54.164	54.23	54.238	54.238	54.227	54.242	54.242	54.238	54.23	54.172	54.152	54.16	54.164	54.16	54.164	54.16	54.148	54.16	54.152	54.082	54.082	54.074	54.074	54.074	54.074
54.496	54.5	54.437	54.27	54.285	54.187	54.098	54.082	54.055	54.02	53.937	53.937	53.926	54.02	54.074	54.055	54.094	54.187	54.27	54.27	54.266	54.352	54.336	54.34	54.348	54.352	54.34	54.348	54.414	54.418	54.43	54.426	54.48	54.508	54.508	54.578	54.59	54.578	54.664	54.645	54.598	54.59	54.59	54.598	54.512	54.512	54.508	54.508	54.512	54.52	54.512	54.508	54.496	54.598	54.598	54.59	54.508	54.508	54.508	54.512
54.496	54.48	54.402	54.332	54.266	54.242	54.176	54.086	54.074	54	53.91	53.91	53.926	54.012	54.055	54.094	54.18	54.246	54.266	54.336	54.34	54.418	54.418	54.426	54.418	54.418	54.418	54.426	54.426	54.418	54.496	54.473	54.473	54.535	54.5	54.586	54.59	54.664	54.664	54.664	54.645	54.656	54.652	54.59	54.59	54.586	54.586	54.586	54.59	54.59	54.59	54.586	54.578	54.586	54.578	54.598	54.578	54.578	54.586	54.578
54.922	54.906	54.906	54.746	54.664	54.645	54.59	54.508	54.473	54.512	54.418	54.406	54.426	54.48	54.5	54.602	54.59	54.656	54.707	54.664	54.758	54.828	54.824	54.824	54.816	54.824	54.824	54.859	54.879	54.879	54.84	54.898	54.91	54.992	54.973	55.07	55.078	55.07	55.066	55.066	55.07	55.066	55.07	54.984	55.066	55	54.977	54.988	54.988	54.988	54.984	54.973	54.988	54.992	54.895	54.906	54.91	54.895	54.988	54.988
54.414	54.336	54.258	54.254	54.176	54.074	54	53.922	53.84	53.828	53.828	53.746	53.746	53.75	53.848	53.91	54.004	54.066	54.082	54.16	54.246	54.246	54.254	54.336	54.332	54.336	54.406	54.406	54.418	54.414	54.465	54.453	54.437	54.5	54.5	54.566	54.578	54.574	54.574	54.566	54.574	54.574	54.539	54.492	54.492	54.484	54.453	54.453	54.469	54.453	54.465	54.48	54.414	54.414	54.414	54.414	54.406	54.406	54.418	54.406
55.492	55.387	55.316	55.281	55.145	55.055	54.984	54.891	54.805	54.797	54.734	54.738	54.723	54.805	54.895	54.898	55.051	55.109	55.145	55.238	55.285	55.297	55.285	55.281	55.32	55.309	55.324	55.324	55.324	55.316	55.316	55.324	55.316	55.324	55.324	55.324	55.32	55.332	55.332	55.391	55.41	55.41	55.41	55.402	55.402	55.41	55.414	55.418	55.418	55.492	55.371	55.32	55.324	55.27	55.336	55.332	55.41	55.398	55.492	55.516
55.844	55.758	55.723	55.582	55.508	55.414	55.336	55.25	55.148	55.082	55.09	55.09	55.082	55.156	55.258	55.391	55.391	55.516	55.496	55.586	55.598	55.668	55.68	55.676	55.664	55.75	55.73	55.723	55.758	55.711	55.742	55.73	55.734	55.746	55.734	55.719	55.723	55.75	55.746	55.758	55.75	55.758	55.742	55.746	55.746	55.828	55.758	55.746	55.758	55.75	55.73	55.668	55.656	55.73	55.719	55.746	55.84	55.824	55.918	55.902
56.602	56.594	56.437	56.402	56.289	56.176	56.172	56.016	56.023	55.941	55.945	55.867	55.945	55.996	56.016	56.172	56.172	56.262	56.348	56.43	56.437	56.441	56.426	56.437	56.437	56.426	56.426	56.43	56.43	56.437	56.426	56.531	56.52	56.516	56.508	56.516	56.508	56.602	56.504	56.516	56.516	56.602	56.602	56.527	56.598	56.602	56.602	56.609	56.598	56.598	56.422	56.414	56.426	56.426	56.516	56.504	56.598	56.598	56.602	56.602
56.855	56.84	56.77	56.695	56.613	56.531	56.422	56.355	56.27	56.203	56.184	56.195	56.195	56.27	56.348	56.422	56.426	56.508	56.613	56.586	56.687	56.773	56.77	56.77	56.773	56.824	56.762	56.758	56.773	56.773	56.77	56.785	56.773	56.773	56.77	56.785	56.77	56.828	56.824	56.84	56.848	56.828	56.855	56.848	56.855	56.84	56.824	56.828	56.828	56.855	56.762	56.687	56.68	56.687	56.773	56.824	56.852	56.828	56.848	56.848
56.254	56.184	56.187	56.102	56.016	56	55.941	55.863	55.77	55.773	55.746	55.703	55.695	55.684	55.75	55.785	55.852	55.941	56	56	56.023	56.105	56.09	56.184	56.172	56.184	56.187	56.187	56.176	56.187	56.187	56.184	56.266	56.27	56.344	56.348	56.402	56.402	56.43	56.441	56.437	56.398	56.402	56.43	56.402	56.414	56.437	56.41	56.402	56.402	56.414	56.359	56.348	56.355	56.367	56.348	56.355	56.344	56.355	56.348
56.254	56.176	56.187	56.102	56.023	55.996	55.93	55.867	55.77	55.762	55.758	55.68	55.68	55.719	55.812	55.77	55.941	55.934	55.922	55.973	56.012	56.016	56.082	56.09	56.094	56.09	56.094	56.176	56.172	56.187	56.168	56.223	56.266	56.254	56.27	56.344	56.355	56.336	56.348	56.355	56.348	56.355	56.355	56.332	56.355	56.348	56.336	56.348	56.348	56.355	56.266	56.254	56.266	56.266	56.266	56.254	56.254	56.184	56.168	56.262
56.184	56.09	56.012	56	55.855	55.77	55.758	55.695	55.684	55.613	55.52	55.516	55.508	55.523	55.609	55.68	55.746	55.75	55.777	55.855	55.949	56.023	56.012	56.023	56.023	56.102	56.102	56.094	56.09	56.094	56.184	56.184	56.187	56.172	56.184	56.254	56.262	56.344	56.344	56.355	56.348	56.348	56.348	56.359	56.266	56.266	56.266	56.262	56.262	56.266	56.168	56.176	56.176	56.184	56.176	56.172	56.187	56.172	56.184	56.184
56.16	56.168	56.094	56	56	55.934	55.852	55.758	55.734	55.691	55.609	55.508	55.516	55.516	55.602	55.68	55.746	55.77	55.855	55.934	55.969	56.012	56.023	56.094	56.102	56.09	56.094	56.094	56.078	56.187	56.176	56.176	56.176	56.254	56.254	56.262	56.336	56.344	56.348	56.395	56.348	56.336	56.344	56.336	56.336	56.336	56.336	56.344	56.344	56.344	56.305	56.266	56.254	56.168	56.176	56.176	56.242	56.238	56.172	56.172
57.25	57.199	57.102	57.035	56.934	56.852	56.785	56.687	56.621	56.621	56.531	56.516	56.531	56.613	56.691	56.785	56.855	56.945	57.035	57.039	57.086	57.133	57.133	57.105	57.18	57.187	57.207	57.211	57.207	57.211	57.199	57.215	57.207	57.227	57.223	57.215	57.281	57.215	57.293	57.277	57.289	57.273	57.301	57.262	57.289	57.293	57.293	57.293	57.277	57.266	57.277	57.293	57.289	57.301	57.293	57.395	57.273	57.312	57.293	57.293
57.973	57.914	57.871	57.738	57.68	57.586	57.504	57.449	57.383	57.273	57.246	57.293	57.316	57.281	57.453	57.492	57.543	57.676	57.719	57.691	57.703	57.793	57.773	57.754	57.754	57.773	57.758	57.77	57.836	57.875	57.773	57.77	57.766	57.785	57.77	57.785	57.848	57.848	57.84	57.863	57.84	57.875	57.875	57.879	57.871	57.84	57.863	57.84	57.836	57.77	57.719	57.691	57.699	57.738	57.719	57.797	57.871	57.887	57.863	57.93
57.957	57.781	57.699	57.699	57.543	57.52	57.453	57.383	57.281	57.266	57.266	57.223	57.211	57.262	57.293	57.367	57.473	57.516	57.504	57.531	57.625	57.637	57.664	57.66	57.703	57.766	57.691	57.687	57.703	57.707	57.703	57.758	57.699	57.793	57.785	57.793	57.793	57.773	57.805	57.863	57.863	57.875	57.914	57.926	57.871	57.871	57.875	57.934	57.887	57.914	57.887	57.719	57.703	57.687	57.793	57.863	57.875	57.859	57.914	57.941
57.367	57.281	57.25	57.18	57.113	57.02	56.922	56.852	56.836	56.762	56.68	56.687	56.668	56.758	56.809	56.922	57.02	57.105	57.195	57.238	57.266	57.273	57.359	57.355	57.434	57.445	57.434	57.516	57.477	57.5	57.527	57.5	57.527	57.594	57.586	57.605	57.574	57.582	57.605	57.586	57.594	57.52	57.504	57.594	57.512	57.512	57.512	57.504	57.516	57.504	57.504	57.48	57.492	57.5	57.434	57.445	57.434	57.434	57.488	57.5
57.437	57.445	57.367	57.254	57.187	57.086	56.922	56.852	56.824	56.762	56.676	56.68	56.68	56.758	56.852	56.918	57.012	57.102	57.184	57.184	57.262	57.273	57.266	57.277	57.281	57.281	57.277	57.289	57.289	57.289	57.301	57.281	57.371	57.379	57.367	57.383	57.371	57.367	57.367	57.387	57.371	57.395	57.371	57.367	57.371	57.379	57.371	57.371	57.379	57.359	57.273	57.254	57.254	57.254	57.262	57.273	57.367	57.367	57.434	57.449
57.277	57.273	57.184	57.09	57.023	56.93	56.852	56.852	56.762	56.668	56.598	56.602	56.664	56.695	56.762	56.836	56.852	56.934	57.023	57.051	57.094	57.102	57.184	57.184	57.195	57.184	57.18	57.184	57.187	57.184	57.254	57.25	57.262	57.25	57.25	57.254	57.25	57.254	57.273	57.289	57.266	57.273	57.273	57.266	57.246	57.262	57.254	57.273	57.266	57.262	57.184	57.113	57.09	57.187	57.195	57.199	57.254	57.293	57.289	57.359
57.254	57.273	57.18	57.102	57	56.934	56.84	56.84	56.691	56.602	56.598	56.602	56.602	56.754	56.852	56.852	56.941	57.02	57.094	57.102	57.18	57.18	57.25	57.254	57.25	57.238	57.168	57.195	57.187	57.199	57.18	57.187	57.168	57.172	57.25	57.25	57.254	57.254	57.266	57.25	57.262	57.254	57.262	57.254	57.238	57.262	57.254	57.238	57.266	57.262	57.105	57.105	57.102	57.094	57.094	57.195	57.18	57.277	57.262	57.277
56.676	56.586	56.602	56.508	56.437	56.426	56.348	56.254	56.187	56.195	56.105	56.027	56.023	56.105	56.187	56.187	56.277	56.355	56.426	56.426	56.449	56.441	56.52	56.602	56.602	56.594	56.621	56.609	56.602	56.613	56.621	56.613	56.676	56.68	56.773	56.773	56.773	56.855	56.852	56.848	56.84	56.863	56.852	56.852	56.848	56.867	56.84	56.84	56.789	56.762	56.77	56.68	56.691	56.691	56.68	56.695	56.695	56.703	56.691	56.691
49.809	49.754	49.664	49.641	49.574	49.562	49.48	49.41	49.41	49.383	49.371	49.336	49.328	49.375	49.41	49.414	49.496	49.496	49.57	49.574	49.574	49.621	49.641	49.629	49.668	49.664	49.66	49.66	49.652	49.652	49.664	49.754	49.746	49.785	49.793	49.801	49.824	49.828	49.828	49.84	49.84	49.824	49.809	49.801	49.809	49.82	49.824	49.785	49.754	49.754	49.742	49.66	49.668	49.668	49.668	49.664	49.629	49.613	49.629	49.625
48.816	48.734	48.703	48.664	48.57	48.551	48.547	48.492	48.391	48.402	48.418	48.371	48.375	48.402	48.398	48.484	48.562	48.562	48.559	48.57	48.586	48.656	48.664	48.711	48.719	48.703	48.75	48.734	48.746	48.742	48.828	48.828	48.828	48.922	48.918	48.91	48.957	48.945	48.969	48.949	48.984	48.969	48.902	48.902	48.91	48.902	48.906	48.812	48.812	48.836	48.816	48.742	48.742	48.742	48.746	48.734	48.746	48.742	48.734	48.746
47.789	47.719	47.672	47.625	47.551	47.547	47.484	47.453	47.402	47.402	47.324	47.32	47.324	47.402	47.418	47.48	47.473	47.539	47.547	47.633	47.641	47.672	47.68	47.652	47.73	47.73	47.723	47.719	47.805	47.797	47.812	47.789	47.883	47.883	47.883	47.895	47.871	47.973	47.879	47.879	47.879	47.883	47.883	47.891	47.895	47.891	47.883	47.883	47.895	47.891	47.871	47.801	47.801	47.797	47.805	47.801	47.785	47.812	47.801	47.812
47.469	47.445	47.402	47.309	47.273	47.227	47.152	47.078	47.059	47.066	47.066	47.043	47.066	47.066	47.137	47.137	47.227	47.27	47.266	47.305	47.32	47.312	47.379	47.387	47.418	47.441	47.445	47.406	47.426	47.402	47.473	47.48	47.469	47.547	47.547	47.547	47.629	47.625	47.625	47.672	47.707	47.629	47.617	47.629	47.633	47.652	47.641	47.629	47.641	47.633	47.539	47.539	47.551	47.559	47.539	47.566	47.547	47.562	47.559	47.473
47.215	47.227	47.152	47.07	47.02	46.973	46.898	46.801	46.801	46.801	46.723	46.707	46.719	46.805	46.793	46.805	46.895	46.973	46.973	47.012	47.02	47.016	47.059	47.066	47.078	47.148	47.145	47.148	47.16	47.16	47.227	47.219	47.23	47.227	47.281	47.254	47.32	47.305	47.305	47.305	47.312	47.305	47.309	47.312	47.324	47.305	47.309	47.305	47.324	47.258	47.27	47.246	47.273	47.281	47.258	47.281	47.281	47.285	47.258	47.246
47.219	47.242	47.059	47.039	46.98	46.898	46.898	46.801	46.801	46.805	46.723	46.734	46.738	46.812	46.816	46.801	46.895	46.895	46.977	46.973	47.043	46.988	47	47.055	47.066	47.055	47.07	47.047	47.039	47.145	47.148	47.148	47.227	47.227	47.23	47.266	47.297	47.324	47.309	47.312	47.32	47.312	47.324	47.312	47.312	47.324	47.266	47.266	47.281	47.266	47.258	47.285	47.273	47.273	47.23	47.23	47.23	47.23	47.23	47.227
47	46.977	46.895	46.801	46.801	46.723	46.641	46.586	46.555	46.539	46.551	46.555	46.562	46.547	46.586	46.629	46.629	46.727	46.734	46.805	46.816	46.84	46.887	46.887	47	46.977	46.98	47.059	46.965	47.012	47.012	47.012	47.039	47.004	47.059	47.055	47.059	47.145	47.137	47.145	47.152	47.152	47.145	47.148	47.152	47.133	47.152	47.164	47.148	47.145	47.148	47.055	47.066	47.059	47.055	47.109	47.047	47.055	47.066	47.016
46.965	46.887	46.816	46.816	46.719	46.641	46.566	46.562	46.539	46.461	46.457	46.457	46.457	46.562	46.586	46.629	46.621	46.711	46.812	46.812	46.805	46.805	46.812	46.879	46.895	46.895	46.973	46.977	46.977	46.98	46.973	47.027	47.02	47.078	47.059	47.047	47.148	47.137	47.137	47.152	47.152	47.148	47.145	47.148	47.145	47.137	47.043	47.137	47.145	47.055	47.066	47.059	47.004	46.988	47.027	47.012	47	47.012	47.066	46.973
46.613	46.551	46.469	46.379	46.387	46.301	46.219	46.207	46.176	46.129	46.137	46.129	46.137	46.125	46.176	46.219	46.195	46.301	46.293	46.363	46.379	46.375	46.379	46.461	46.461	46.469	46.461	46.469	46.562	46.555	46.547	46.574	46.621	46.602	46.641	46.652	46.633	46.629	46.723	46.711	46.727	46.723	46.723	46.719	46.641	46.629	46.633	46.617	46.633	46.629	46.641	46.629	46.602	46.633	46.605	46.594	46.641	46.578	46.578	46.574
46.555	46.453	46.363	46.367	46.285	46.219	46.227	46.164	46.125	46.059	46.062	46.059	46.062	46.129	46.125	46.137	46.203	46.207	46.285	46.359	46.367	46.387	46.363	46.367	46.367	46.457	46.453	46.457	46.453	46.461	46.547	46.547	46.621	46.594	46.578	46.621	46.641	46.633	46.719	46.695	46.707	46.605	46.629	46.621	46.621	46.633	46.633	46.641	46.629	46.621	46.59	46.578	46.574	46.605	46.59	46.59	46.586	46.574	46.539	46.539
46.562	46.461	46.387	46.379	46.285	46.207	46.215	46.176	46.129	46.055	46.059	46.059	46.059	46.129	46.141	46.152	46.203	46.215	46.293	46.285	46.375	46.379	46.379	46.473	46.473	46.461	46.555	46.555	46.527	46.547	46.539	46.539	46.602	46.594	46.641	46.629	46.629	46.723	46.711	46.719	46.727	46.719	46.719	46.727	46.641	46.621	46.641	46.621	46.629	46.621	46.633	46.641	46.633	46.641	46.574	46.629	46.629	46.594	46.586	46.555
46.461	46.391	46.379	46.293	46.219	46.152	46.137	46.059	46.055	45.977	45.98	45.965	45.961	45.977	46.059	46.141	46.129	46.152	46.168	46.215	46.203	46.293	46.297	46.375	46.367	46.379	46.367	46.375	46.379	46.363	46.379	46.375	46.445	46.445	46.539	46.547	46.547	46.621	46.594	46.602	46.605	46.605	46.605	46.578	46.621	46.594	46.551	46.555	46.547	46.555	46.539	46.555	46.562	46.562	46.539	46.551	46.52	46.461	46.453	46.453
46.137	45.98	45.961	45.875	45.816	45.809	45.766	45.715	45.633	45.637	45.582	45.633	45.633	45.645	45.738	45.734	45.766	45.805	45.895	45.887	45.887	45.969	45.977	45.977	45.965	46.059	46.047	46.055	46.055	46.059	46.129	46.113	46.164	46.137	46.129	46.137	46.152	46.137	46.203	46.203	46.215	46.203	46.191	46.187	46.141	46.137	46.195	46.191	46.195	46.191	46.148	46.191	46.129	46.121	46.125	46.137	46.129	46.125	46.125	46.125
46.059	45.977	45.977	45.961	45.887	45.777	45.75	45.727	45.637	45.645	45.637	45.637	45.629	45.727	45.727	45.715	45.805	45.809	45.902	45.895	45.969	45.965	45.977	45.98	45.98	46.082	46.074	46.062	46.062	46.082	46.055	46.121	46.125	46.125	46.137	46.137	46.164	46.207	46.195	46.227	46.207	46.207	46.207	46.18	46.176	46.148	46.16	46.148	46.176	46.148	46.16	46.148	46.16	46.16	46.164	46.125	46.129	46.137	46.129	46.129
45.883	45.809	45.754	45.727	45.617	45.551	45.562	45.473	45.473	45.375	45.383	45.391	45.383	45.469	45.551	45.566	45.566	45.633	45.629	45.723	45.723	45.723	45.742	45.727	45.762	45.809	45.801	45.801	45.801	45.895	45.875	45.887	45.887	45.961	45.969	45.961	45.953	45.977	45.965	45.961	45.953	45.961	45.953	45.961	45.961	45.965	45.965	45.965	45.961	45.969	45.953	45.961	45.961	45.875	45.883	45.887	45.875	45.887	45.871	45.875
45.871	45.793	45.727	45.715	45.621	45.539	45.488	45.445	45.379	45.375	45.363	45.379	45.383	45.461	45.539	45.484	45.543	45.582	45.711	45.629	45.715	45.715	45.703	45.75	45.727	45.742	45.738	45.793	45.738	45.801	45.801	45.871	45.867	45.965	45.961	45.961	45.953	45.953	45.949	45.941	45.953	45.961	45.941	45.941	45.949	45.953	45.961	45.949	45.961	45.953	45.941	45.953	45.871	45.859	45.953	45.875	45.867	45.871	45.875	45.867
45.789	45.805	45.699	45.699	45.578	45.539	45.457	45.457	45.379	45.379	45.312	45.328	45.383	45.379	45.457	45.535	45.539	45.543	45.629	45.703	45.711	45.723	45.723	45.699	45.723	45.793	45.738	45.789	45.793	45.793	45.793	45.875	45.887	45.875	45.965	45.953	45.961	45.969	45.961	45.953	45.98	45.965	45.953	45.961	45.965	45.953	45.953	45.961	45.965	45.961	45.949	45.871	45.875	45.871	45.871	45.871	45.871	45.875	45.832	45.805
45.02	45.02	44.937	44.836	44.855	44.766	44.766	44.699	44.609	44.609	44.617	44.598	44.617	44.605	44.621	44.687	44.711	44.77	44.855	44.855	44.832	44.844	44.93	44.93	45.016	45.008	45.02	45.023	45.016	45.035	45.031	45.113	45.125	45.102	45.113	45.195	45.18	45.195	45.184	45.191	45.18	45.18	45.176	45.195	45.184	45.184	45.184	45.195	45.191	45.176	45.109	45.09	45.113	45.102	45.102	45.102	45.113	45.043	45.07	45.051
44.93	44.859	44.758	44.77	44.699	44.605	44.617	44.527	44.523	44.449	44.437	44.449	44.449	44.539	44.609	44.617	44.621	44.637	44.703	44.766	44.758	44.758	44.766	44.848	44.844	44.832	44.855	44.844	44.844	44.859	44.941	44.914	44.93	44.949	45.008	44.937	45.031	45.035	45.035	45.02	45.059	45.023	45.023	45.023	45.02	45.008	45.023	45.031	45.008	45.02	45.02	45.02	44.93	45.031	44.914	44.941	44.941	44.949	44.937	44.937
44.855	44.855	44.766	44.699	44.633	44.609	44.527	44.437	44.445	44.437	44.445	44.449	44.445	44.445	44.437	44.516	44.617	44.621	44.621	44.691	44.609	44.687	44.703	44.711	44.754	44.848	44.77	44.859	44.844	44.855	44.855	44.855	44.93	44.941	44.93	45.016	44.937	45.016	45.023	44.996	45.023	45.023	45.02	45.016	45.016	44.937	44.937	44.937	44.977	45.02	44.93	44.926	44.937	44.926	44.93	44.93	44.926	44.859	44.859	44.836
44.617	44.605	44.516	44.527	44.437	44.371	44.367	44.301	44.289	44.207	44.23	44.223	44.195	44.223	44.277	44.367	44.461	44.449	44.457	44.449	44.461	44.531	44.539	44.625	44.625	44.645	44.621	44.621	44.625	44.625	44.645	44.699	44.691	44.687	44.77	44.758	44.77	44.77	44.855	44.848	44.855	44.77	44.766	44.77	44.754	44.77	44.77	44.77	44.766	44.758	44.75	44.77	44.766	44.684	44.703	44.687	44.691	44.687	44.609	44.637
44.605	44.527	44.445	44.461	44.371	44.266	44.285	44.195	44.211	44.207	44.129	44.117	44.191	44.207	44.211	44.285	44.289	44.367	44.367	44.457	44.449	44.457	44.461	44.457	44.449	44.445	44.449	44.488	44.539	44.539	44.531	44.531	44.617	44.617	44.609	44.609	44.684	44.617	44.691	44.691	44.684	44.703	44.699	44.684	44.691	44.699	44.637	44.621	44.621	44.687	44.617	44.625	44.617	44.617	44.625	44.621	44.609	44.617	44.609	44.543
44.699	44.625	44.598	44.531	44.437	44.457	44.367	44.289	44.289	44.23	44.207	44.219	44.219	44.301	44.367	44.434	44.465	44.437	44.461	44.457	44.527	44.543	44.527	44.609	44.617	44.637	44.687	44.621	44.703	44.699	44.703	44.699	44.77	44.848	44.871	44.859	44.871	44.859	44.836	44.844	44.859	44.855	44.848	44.859	44.863	44.855	44.859	44.855	44.859	44.859	44.836	44.77	44.77	44.758	44.766	44.711	44.687	44.703	44.687	44.687
44.687	44.617	44.621	44.449	44.445	44.371	44.289	44.23	44.223	44.207	44.207	44.211	44.184	44.234	44.289	44.363	44.367	44.461	44.465	44.449	44.434	44.457	44.531	44.527	44.609	44.625	44.617	44.625	44.633	44.625	44.633	44.703	44.703	44.703	44.691	44.77	44.777	44.777	44.859	44.855	44.871	44.863	44.859	44.77	44.781	44.766	44.766	44.789	44.781	44.758	44.789	44.711	44.715	44.703	44.684	44.711	44.711	44.633	44.648	44.621
44.211	44.199	44.195	44.047	44.035	44.023	43.969	43.871	43.891	43.785	43.809	43.77	43.77	43.793	43.797	43.875	43.863	43.957	43.937	44.047	44.031	44.031	44.113	44.105	44.125	44.195	44.207	44.199	44.223	44.195	44.219	44.285	44.301	44.211	44.273	44.285	44.285	44.367	44.363	44.367	44.371	44.371	44.289	44.312	44.371	44.324	44.289	44.285	44.277	44.367	44.285	44.301	44.277	44.285	44.211	44.211	44.211	44.207	44.199	44.207
44.207	44.117	44.02	44.035	43.957	43.863	43.887	43.809	43.77	43.773	43.773	43.691	43.773	43.785	43.793	43.875	43.863	43.945	44.035	44.039	44.035	44.039	44.039	44.039	44.113	44.102	44.105	44.113	44.125	44.117	44.207	44.199	44.195	44.199	44.191	44.297	44.301	44.285	44.363	44.367	44.277	44.285	44.289	44.289	44.289	44.277	44.297	44.289	44.289	44.297	44.219	44.289	44.211	44.219	44.195	44.223	44.207	44.23	44.199	44.211
44.113	44.113	44.039	43.937	43.863	43.859	43.871	43.812	43.687	43.699	43.691	43.703	43.691	43.687	43.766	43.871	43.875	43.859	43.953	43.945	43.957	44.039	44.031	44.039	44.039	44.059	44.117	44.102	44.191	44.152	44.195	44.195	44.199	44.207	44.219	44.219	44.223	44.305	44.266	44.285	44.297	44.273	44.289	44.266	44.277	44.266	44.199	44.277	44.219	44.207	44.277	44.23	44.199	44.223	44.25	44.211	44.207	44.23	44.195	44.211
44.172	44.102	44.02	43.941	43.93	43.852	43.793	43.766	43.758	43.676	43.68	43.609	43.691	43.691	43.77	43.781	43.785	43.859	43.84	43.859	43.945	43.945	44.035	44.035	44.035	44.035	44.035	44.125	44.039	44.117	44.102	44.184	44.195	44.184	44.191	44.184	44.199	44.266	44.262	44.266	44.277	44.289	44.184	44.277	44.266	44.211	44.219	44.207	44.207	44.207	44.207	44.273	44.191	44.172	44.211	44.184	44.184	44.184	44.105	44.113
44.207	44.113	44.039	44.012	43.953	43.863	43.84	43.781	43.793	43.699	43.687	43.699	43.699	43.77	43.781	43.797	43.871	43.875	43.953	44.039	44.039	44.047	44.035	44.031	44.051	44.039	44.113	44.113	44.117	44.129	44.199	44.207	44.219	44.207	44.277	44.219	44.23	44.297	44.277	44.289	44.305	44.223	44.289	44.285	44.285	44.285	44.277	44.285	44.289	44.289	44.199	44.211	44.199	44.23	44.273	44.199	44.219	44.195	44.195	44.184
44.199	44.191	44.117	44.035	44.023	43.945	43.859	43.781	43.785	43.758	43.773	43.77	43.758	43.781	43.871	43.875	43.871	43.945	44.035	44.035	44.059	44.035	44.051	44.117	44.117	44.199	44.191	44.18	44.195	44.195	44.211	44.211	44.273	44.277	44.262	44.273	44.262	44.363	44.355	44.355	44.352	44.371	44.363	44.277	44.344	44.285	44.355	44.367	44.352	44.379	44.285	44.285	44.25	44.273	44.285	44.211	44.273	44.199	44.273	44.219
44.277	44.199	44.184	44.102	44.023	44.023	43.953	43.953	43.852	43.785	43.781	43.805	43.785	43.871	43.863	43.945	44.035	44.035	44.02	44.023	44.035	44.117	44.195	44.199	44.207	44.219	44.199	44.211	44.211	44.23	44.211	44.289	44.285	44.367	44.355	44.367	44.449	44.437	44.449	44.449	44.445	44.437	44.437	44.434	44.449	44.437	44.461	44.461	44.437	44.449	44.449	44.355	44.355	44.363	44.363	44.355	44.363	44.363	44.289	44.367
44.609	44.531	44.457	44.457	44.363	44.305	44.223	44.219	44.125	44.117	44.125	44.129	44.129	44.211	44.207	44.211	44.277	44.367	44.367	44.379	44.383	44.457	44.449	44.457	44.445	44.531	44.531	44.539	44.617	44.539	44.539	44.609	44.621	44.617	44.637	44.637	44.664	44.703	44.691	44.699	44.691	44.699	44.699	44.691	44.691	44.711	44.637	44.625	44.637	44.621	44.687	44.645	44.621	44.633	44.711	44.625	44.625	44.656	44.609	44.625
44.77	44.699	44.691	44.625	44.582	44.457	44.445	44.434	44.363	44.316	44.289	44.285	44.297	44.379	44.391	44.461	44.457	44.527	44.539	44.59	44.609	44.625	44.637	44.699	44.711	44.691	44.703	44.691	44.711	44.738	44.777	44.781	44.781	44.855	44.859	44.859	44.855	44.863	44.859	44.863	44.871	44.859	44.855	44.855	44.848	44.859	44.859	44.863	44.848	44.859	44.863	44.859	44.863	44.863	44.855	44.863	44.863	44.777	44.766	44.777
36.312	36.266	36.238	36.172	36.184	36.172	36.086	35.996	36.012	35.996	36	36.012	36.02	36.094	36.113	36.094	36.09	36.086	36.184	36.184	36.168	36.168	36.156	36.172	36.238	36.16	36.238	36.246	36.25	36.25	36.246	36.238	36.238	36.234	36.312	36.312	36.328	36.328	36.32	36.32	36.332	36.332	36.332	36.254	36.234	36.316	36.238	36.328	36.293	36.328	36.316	36.25	36.238	36.32	36.238	36.32	36.238	36.246	36.246	36.25
35.66	35.566	35.48	35.398	35.398	35.309	35.316	35.242	35.16	35.242	35.242	35.234	35.32	35.32	35.41	35.402	35.41	35.395	35.402	35.395	35.41	35.477	35.492	35.48	35.48	35.488	35.48	35.57	35.57	35.566	35.559	35.637	35.637	35.641	35.648	35.641	35.641	35.633	35.66	35.648	35.648	35.633	35.66	35.641	35.66	35.648	35.66	35.664	35.652	35.652	35.652	35.648	35.641	35.652	35.652	35.648	35.648	35.652	35.648	35.574
35.574	35.488	35.41	35.41	35.328	35.332	35.242	35.242	35.184	35.148	35.156	35.242	35.254	35.27	35.234	35.328	35.41	35.414	35.402	35.41	35.41	35.402	35.402	35.477	35.414	35.508	35.5	35.41	35.492	35.492	35.57	35.566	35.57	35.574	35.594	35.66	35.66	35.664	35.637	35.664	35.664	35.676	35.66	35.676	35.637	35.66	35.66	35.664	35.652	35.668	35.668	35.648	35.652	35.652	35.57	35.586	35.586	35.566	35.582	35.582
35.504	35.41	35.344	35.344	35.262	35.172	35.16	35.16	35.09	35.09	35.094	35.172	35.16	35.16	35.148	35.238	35.238	35.227	35.328	35.355	35.332	35.344	35.348	35.344	35.426	35.422	35.426	35.422	35.426	35.437	35.434	35.426	35.492	35.437	35.5	35.504	35.594	35.574	35.598	35.566	35.594	35.586	35.594	35.559	35.582	35.586	35.57	35.609	35.602	35.586	35.602	35.5	35.504	35.508	35.48	35.527	35.508	35.508	35.508	35.414
35.414	35.414	35.414	35.336	35.262	35.184	35.168	35.168	35.102	35.082	35.082	35.16	35.168	35.187	35.234	35.25	35.262	35.234	35.344	35.344	35.344	35.336	35.348	35.336	35.414	35.414	35.422	35.414	35.426	35.414	35.402	35.422	35.5	35.516	35.504	35.488	35.586	35.594	35.586	35.582	35.594	35.602	35.598	35.602	35.57	35.609	35.57	35.574	35.582	35.574	35.582	35.504	35.516	35.488	35.48	35.516	35.516	35.516	35.508	35.52
35.516	35.508	35.434	35.426	35.355	35.254	35.262	35.262	35.254	35.148	35.25	35.266	35.176	35.266	35.328	35.32	35.359	35.328	35.441	35.414	35.441	35.434	35.504	35.441	35.52	35.441	35.527	35.504	35.516	35.527	35.5	35.582	35.602	35.602	35.68	35.676	35.695	35.676	35.691	35.676	35.687	35.676	35.668	35.664	35.687	35.687	35.695	35.664	35.676	35.68	35.641	35.676	35.676	35.68	35.598	35.582	35.574	35.613	35.582	35.598
35.594	35.5	35.449	35.402	35.441	35.348	35.289	35.266	35.176	35.176	35.27	35.176	35.262	35.336	35.348	35.348	35.422	35.414	35.426	35.527	35.434	35.441	35.434	35.414	35.504	35.527	35.5	35.508	35.582	35.602	35.602	35.594	35.687	35.68	35.664	35.668	35.66	35.687	35.68	35.676	35.664	35.707	35.668	35.668	35.676	35.668	35.668	35.68	35.66	35.66	35.66	35.664	35.648	35.664	35.687	35.676	35.594	35.66	35.668	35.676
35.547	35.437	35.414	35.422	35.344	35.238	35.266	35.172	35.187	35.168	35.25	35.215	35.168	35.266	35.25	35.348	35.336	35.422	35.434	35.426	35.422	35.414	35.426	35.441	35.422	35.422	35.449	35.422	35.469	35.5	35.52	35.508	35.586	35.609	35.57	35.687	35.68	35.668	35.668	35.664	35.668	35.66	35.668	35.648	35.648	35.648	35.676	35.66	35.664	35.566	35.574	35.594	35.574	35.586	35.574	35.574	35.598	35.5	35.504	35.582
35.504	35.52	35.434	35.422	35.336	35.27	35.195	35.176	35.156	35.172	35.168	35.168	35.25	35.168	35.242	35.332	35.332	35.336	35.355	35.332	35.453	35.41	35.422	35.426	35.441	35.41	35.422	35.52	35.449	35.434	35.508	35.52	35.574	35.586	35.594	35.57	35.66	35.687	35.668	35.668	35.68	35.664	35.598	35.594	35.582	35.574	35.664	35.594	35.598	35.668	35.582	35.586	35.598	35.602	35.594	35.586	35.52	35.531	35.586	35.516
35.508	35.426	35.426	35.348	35.355	35.266	35.25	35.172	35.184	35.187	35.176	35.172	35.254	35.172	35.242	35.242	35.355	35.336	35.348	35.414	35.426	35.434	35.449	35.434	35.402	35.52	35.437	35.488	35.504	35.492	35.5	35.598	35.527	35.582	35.574	35.664	35.594	35.687	35.687	35.652	35.676	35.676	35.664	35.68	35.676	35.594	35.66	35.68	35.695	35.668	35.687	35.594	35.582	35.598	35.582	35.594	35.586	35.586	35.555	35.57
35.586	35.516	35.52	35.422	35.426	35.344	35.266	35.262	35.184	35.176	35.184	35.254	35.254	35.336	35.355	35.422	35.414	35.441	35.437	35.492	35.41	35.422	35.516	35.504	35.504	35.57	35.57	35.52	35.586	35.574	35.68	35.602	35.687	35.687	35.68	35.668	35.691	35.687	35.676	35.652	35.687	35.652	35.691	35.691	35.676	35.687	35.676	35.676	35.668	35.691	35.676	35.668	35.648	35.687	35.676	35.691	35.664	35.664	35.687	35.652
35.57	35.57	35.504	35.414	35.41	35.332	35.309	35.328	35.242	35.234	35.238	35.168	35.262	35.25	35.262	35.336	35.398	35.426	35.422	35.422	35.508	35.41	35.504	35.492	35.5	35.543	35.598	35.559	35.582	35.664	35.641	35.676	35.676	35.641	35.676	35.66	35.668	35.742	35.742	35.762	35.77	35.746	35.746	35.73	35.742	35.758	35.746	35.754	35.715	35.68	35.707	35.664	35.66	35.664	35.652	35.668	35.66	35.66	35.66	35.664
35.664	35.66	35.574	35.488	35.5	35.426	35.414	35.414	35.41	35.332	35.328	35.414	35.41	35.41	35.426	35.422	35.492	35.488	35.574	35.582	35.574	35.582	35.582	35.676	35.676	35.66	35.664	35.66	35.664	35.66	35.648	35.703	35.754	35.742	35.746	35.836	35.828	35.82	35.828	35.824	35.828	35.828	35.84	35.848	35.836	35.824	35.824	35.828	35.828	35.82	35.828	35.828	35.824	35.742	35.746	35.734	35.742	35.734	35.746	35.746
35.918	35.848	35.828	35.77	35.664	35.676	35.68	35.586	35.582	35.504	35.504	35.594	35.598	35.664	35.668	35.668	35.68	35.758	35.754	35.836	35.828	35.824	35.836	35.84	35.836	35.828	35.863	35.918	35.906	35.906	35.926	35.914	35.918	35.914	35.992	36.012	36	35.996	36	35.992	36	35.996	36	36	36.008	35.996	36	36	36	36	35.996	36.008	36.012	36	36	36.008	36.012	35.996	35.918	35.984
36.02	36.008	35.926	35.84	35.828	35.746	35.68	35.668	35.668	35.676	35.664	35.68	35.746	35.758	35.84	35.836	35.84	35.848	35.84	35.848	35.824	35.84	35.836	35.918	35.914	35.926	35.918	35.941	36.008	36.008	35.984	36.078	36.027	36	36.172	36.09	36.094	36.094	36.086	36.105	36.09	36.172	36.105	36.102	36.172	36.129	36.086	36.09	36.086	36.168	36.105	36.086	36.078	36.09	36.09	36.086	36.066	36.02	36.008	36
36.246	36.227	36.18	36.086	36.086	36.008	36.008	35.918	35.926	35.828	35.918	35.926	35.996	35.996	36	36.008	36.074	36.02	36.078	36.086	36.16	36.168	36.168	36.18	36.168	36.168	36.246	36.238	36.238	36.238	36.246	36.234	36.246	36.238	36.332	36.328	36.352	36.332	36.32	36.328	36.316	36.312	36.328	36.332	36.316	36.328	36.34	36.34	36.316	36.32	36.328	36.328	36.246	36.238	36.25	36.25	36.246	36.328	36.246	36.238
36.238	36.246	36.172	36.172	36.023	36.078	36	35.992	35.992	35.926	35.926	36.008	36	36	36	36.066	36.121	36.113	36.094	36.168	36.172	36.168	36.223	36.156	36.172	36.184	36.246	36.25	36.234	36.238	36.254	36.25	36.246	36.25	36.32	36.34	36.301	36.332	36.328	36.328	36.41	36.34	36.32	36.332	36.332	36.328	36.32	36.312	36.328	36.398	36.316	36.328	36.332	36.328	36.328	36.328	36.246	36.238	36.32	36.238
36.32	36.238	36.234	36.168	36.16	36.09	36	36.074	36	36.008	36	36.012	36.008	36.02	36.02	36.102	36.078	36.172	36.184	36.184	36.16	36.25	36.238	36.25	36.254	36.238	36.254	36.238	36.328	36.32	36.328	36.316	36.41	36.406	36.398	36.488	36.488	36.398	36.414	36.488	36.5	36.406	36.48	36.5	36.48	36.398	36.488	36.5	36.41	36.492	36.488	36.406	36.398	36.398	36.406	36.41	36.41	36.41	36.332	36.332
36.328	36.246	36.184	36.172	36.023	36	36.008	35.926	35.902	35.926	35.926	35.914	36.02	36.012	36.027	35.996	36.086	36.18	36.156	36.156	36.18	36.09	36.172	36.168	36.238	36.238	36.246	36.246	36.254	36.262	36.328	36.25	36.262	36.254	36.328	36.34	36.316	36.422	36.328	36.32	36.406	36.398	36.406	36.41	36.41	36.34	36.328	36.332	36.41	36.41	36.406	36.332	36.332	36.328	36.328	36.328	36.262	36.246	36.32	36.32
36.422	36.344	36.262	36.246	36.234	36.184	36.187	36.094	36.102	36.023	36.094	36.102	36.102	36.184	36.211	36.172	36.246	36.25	36.32	36.246	36.234	36.238	36.254	36.238	36.32	36.328	36.34	36.332	36.328	36.316	36.406	36.41	36.414	36.398	36.5	36.488	36.5	36.477	36.57	36.582	36.582	36.48	36.559	36.488	36.492	36.488	36.578	36.477	36.488	36.492	36.477	36.48	36.477	36.492	36.5	36.48	36.477	36.48	36.5	36.395
36.246	36.234	36.172	36.168	36.09	36.012	36.012	36.008	35.945	35.926	36.008	35.992	36.02	36.086	36.074	36.102	36.09	36.16	36.168	36.16	36.168	36.156	36.168	36.18	36.238	36.234	36.234	36.234	36.246	36.25	36.246	36.238	36.254	36.34	36.316	36.32	36.312	36.328	36.332	36.422	36.406	36.398	36.406	36.414	36.406	36.312	36.398	36.41	36.41	36.312	36.344	36.32	36.328	36.32	36.328	36.332	36.32	36.238	36.246	36.254
36.238	36.234	36.25	36.172	36.086	36.078	36.02	36.008	35.926	35.914	35.906	36.008	36.008	35.992	36.012	36.09	36.09	36.172	36.086	36.168	36.172	36.172	36.168	36.234	36.238	36.238	36.238	36.277	36.312	36.25	36.32	36.238	36.32	36.32	36.332	36.406	36.398	36.406	36.41	36.406	36.332	36.406	36.406	36.398	36.406	36.41	36.406	36.414	36.398	36.406	36.41	36.398	36.332	36.34	36.328	36.328	36.34	36.328	36.344	36.332
36.238	36.332	36.246	36.172	36.168	36.008	36.086	35.992	35.914	35.918	35.996	35.996	36	36	36	36.078	36.172	36.094	36.168	36.172	36.156	36.227	36.211	36.246	36.238	36.238	36.227	36.312	36.246	36.32	36.234	36.328	36.316	36.32	36.41	36.406	36.406	36.406	36.398	36.398	36.406	36.395	36.406	36.406	36.41	36.395	36.398	36.41	36.398	36.406	36.398	36.406	36.328	36.32	36.305	36.312	36.312	36.32	36.234	36.32
36.34	36.223	36.238	36.156	36.168	36.09	36	36	35.992	35.914	36	36.02	36.078	36.086	36.09	36.102	36.16	36.168	36.18	36.168	36.234	36.25	36.246	36.238	36.238	36.246	36.246	36.34	36.238	36.246	36.32	36.328	36.332	36.328	36.395	36.41	36.406	36.406	36.395	36.406	36.395	36.398	36.395	36.406	36.387	36.406	36.398	36.406	36.41	36.414	36.41	36.406	36.395	36.328	36.312	36.328	36.328	36.32	36.32	36.328
36.398	36.328	36.246	36.238	36.172	36.18	36.035	36.012	36.008	36.008	36.023	36.008	36.062	36	36.172	36.09	36.172	36.16	36.184	36.238	36.25	36.254	36.238	36.246	36.332	36.25	36.246	36.262	36.328	36.328	36.32	36.32	36.422	36.41	36.414	36.48	36.488	36.461	36.492	36.5	36.5	36.492	36.5	36.504	36.504	36.48	36.5	36.426	36.5	36.512	36.48	36.422	36.41	36.41	36.398	36.41	36.398	36.332	36.41	36.312
36.25	36.246	36.16	36.172	36	36.012	35.992	36.008	35.918	35.863	35.93	35.918	36.008	36.008	36.02	36.008	36.008	36.113	36.18	36.172	36.172	36.18	36.172	36.172	36.187	36.238	36.172	36.254	36.246	36.234	36.238	36.332	36.273	36.32	36.332	36.332	36.32	36.414	36.414	36.422	36.422	36.406	36.41	36.414	36.422	36.41	36.422	36.332	36.406	36.398	36.34	36.332	36.332	36.332	36.332	36.32	36.328	36.262	36.246	36.246
35.918	35.828	35.848	35.754	35.68	35.687	35.676	35.574	35.504	35.508	35.598	35.586	35.574	35.676	35.66	35.676	35.664	35.754	35.762	35.746	35.754	35.793	35.836	35.836	35.848	35.926	35.859	35.859	35.836	35.93	35.926	35.914	35.934	36.012	35.934	36.02	36.023	36.008	36.02	36.008	36.008	36.02	36.02	36	36.012	36.023	36.008	36.02	36.02	36.008	36.023	36.008	36.012	36.008	36.02	36	35.992	35.926	35.926	35.926
35.914	35.84	35.84	35.754	35.668	35.687	35.687	35.594	35.586	35.52	35.594	35.598	35.586	35.676	35.664	35.68	35.668	35.676	35.754	35.727	35.758	35.758	35.758	35.836	35.836	35.824	35.836	35.934	35.848	35.918	35.906	35.918	35.914	35.914	36.008	36.008	36.008	36.012	36.008	36.008	36	36.012	36	36	36.012	36.02	36.012	36.008	36.012	36.023	36.012	36.008	36.012	36.02	35.926	35.926	35.918	35.93	35.906	35.918
35.93	35.852	35.852	35.762	35.687	35.676	35.676	35.594	35.504	35.504	35.504	35.594	35.594	35.68	35.676	35.68	35.687	35.668	35.742	35.676	35.754	35.758	35.742	35.836	35.84	35.84	35.828	35.836	35.836	35.828	35.836	35.918	35.926	35.918	35.926	35.996	36	36	35.996	36.012	35.996	36	36.008	36	35.996	36	36.012	36.008	36.012	36.012	36	36.008	36.008	35.914	35.918	35.926	35.926	35.914	35.902	35.906
35.828	35.848	35.664	35.66	35.664	35.594	35.508	35.508	35.508	35.453	35.426	35.434	35.504	35.492	35.586	35.582	35.668	35.676	35.676	35.676	35.687	35.664	35.687	35.668	35.758	35.754	35.824	35.754	35.824	35.828	35.848	35.848	35.836	35.84	35.84	35.93	35.93	35.93	35.926	35.926	35.941	35.906	35.93	35.906	35.918	35.918	35.918	35.93	35.918	35.934	35.93	35.934	35.934	35.926	35.926	35.93	35.84	35.836	35.848	35.824
35.836	35.754	35.676	35.68	35.68	35.586	35.516	35.5	35.414	35.434	35.504	35.414	35.527	35.5	35.594	35.594	35.687	35.668	35.676	35.687	35.687	35.68	35.68	35.668	35.754	35.754	35.77	35.84	35.848	35.836	35.836	35.848	35.836	35.848	35.934	35.906	35.918	35.93	35.934	35.926	35.926	35.934	35.848	35.93	35.934	35.828	35.84	35.93	35.848	35.852	35.84	35.852	35.84	35.848	35.934	35.84	35.836	35.84	35.934	35.906
35.668	35.504	35.508	35.414	35.426	35.426	35.328	35.254	35.262	35.176	35.242	35.25	35.262	35.328	35.32	35.41	35.414	35.422	35.434	35.5	35.437	35.426	35.508	35.504	35.504	35.508	35.508	35.586	35.598	35.582	35.586	35.668	35.664	35.676	35.668	35.668	35.668	35.652	35.66	35.668	35.676	35.668	35.664	35.66	35.668	35.668	35.66	35.668	35.664	35.668	35.676	35.66	35.66	35.664	35.668	35.66	35.668	35.668	35.664	35.664
35.422	35.414	35.328	35.254	35.176	35.168	35.172	35.074	35.078	35.09	35.078	35.078	35.16	35.145	35.168	35.184	35.238	35.238	35.242	35.238	35.328	35.328	35.328	35.316	35.332	35.41	35.398	35.41	35.414	35.414	35.41	35.414	35.422	35.422	35.461	35.5	35.504	35.5	35.508	35.582	35.5	35.508	35.508	35.504	35.5	35.5	35.504	35.5	35.5	35.52	35.504	35.449	35.488	35.414	35.492	35.426	35.402	35.422	35.5	35.414
